29871520
74728864
119586208
164443552
209300896
254158240
299015584
343872928
388730272
433587616
478444960
523302304
568159648
613016992
657874336
702731680
747589024
792446368
837303712
882161056
927018400
971875744
1016733088
1061590432
1106447776
1151305120
1196162464
1241019808
1285877152
1330734496
1375591840
1420449184
1465306528
1510163872
1555021216
1599878560
1644735904
1689593248
1734450592
1779307936
1824165280
1869022624
1913879968
1958737312
2003594656
2048452000
2093309344
2138166688
2183024032
2227881376
2272738720
2317596064
2362453408
2407310752
2452168096
2497025440
2541882784
2586740128
2631597472
2676454816
2721312160
2766169504
2811026848
2855884192
2900741536
2945598880
2990456224
3035313568
3080170912
3125028256
3169885600
3214742944
3259600288
3304457632
3349314976
3394172320
3439029664
3483887008
3528744352
3573601696
3618459040
3663316384
3708173728
3753031072
3797888416
3842745760
3887603104
3932460448
3977317792
4022175136
4067032480
4111889824
4156747168
4201604512
4246461856
4291319200
4336176544
4381033888
4425891232
4470748576
4515605920
4560463264
4605320608
4650177952
4695035296
4739892640
4784749984
4829607328
4874464672
4919322016
4964179360
5009036704
5053894048
5098751392
5143608736
5188466080
5233323424
5278180768
5323038112
5367895456
5412752800
5457610144
5502467488
5547324832
5592182176
5637039520
5681896864
5726754208
5771611552
5816468896
5861326240
5906183584
5951040928
5995898272
6040755616
6085612960
6130470304
6175327648
6220184992
6265042336
6309899680
6354757024
6399614368
6444471712
6489329056
6534186400
6579043744
6623901088
6668758432
6713615776
6758473120
6803330464
6848187808
6893045152
6937902496
6982759840
7027617184
7072474528
7117331872
7162189216
7207046560
7251903904
7296761248
7341618592
7386475936
7431333280
7476190624
7521047968
7565905312
7610762656
7655620000
7700477344
7745334688
7790192032
7835049376
7879906720
7924764064
7969621408
8014478752
8059336096
8104193440
8149050784
8193908128
8238765472
8283622816
8328480160
8373337504
8418194848
8463052192
8507909536
8552766880
8597624224
8642481568
8687338912
8732196256
8777053600
8821910944
8866768288
8911625632
8956482976
9001340320
9046197664
9091055008
9135912352
9180769696
9225627040
9270484384
9315341728
9360199072
9405056416
9449913760
9494771104
9539628448
9584485792
9629343136
9674200480
9719057824
9763915168
9808772512
9853629856
9898487200
9943344544
9988201888
10033059232
10077916576
10122773920
10167631264
10212488608
10257345952
10302203296
10347060640
10391917984
10436775328
10481632672
10526490016
10571347360
10616204704
10661062048
10705919392
10750776736
10795634080
10840491424
10885348768
10930206112
10975063456
11019920800
11064778144
11109635488
11154492832
11199350176
11244207520
11289064864
11333922208
11378779552
11423636896
11468494240
11513351584
11558208928
11603066272
11647923616
11692780960
11737638304
11782495648
11827352992
11872210336
11917067680
11961925024
12006782368
12051639712
12096497056
12141354400
12186211744
12231069088
12275926432
12320783776
12365641120
12410498464
12455355808
12500213152
12545070496
12589927840
12634785184
12679642528
12724499872
12769357216
12814214560
12859071904
12903929248
12948786592
12993643936
13038501280
13083358624
13128215968
13173073312
13217930656
13262788000
13307645344
13352502688
13397360032
13442217376
13487074720
13531932064
13576789408
13621646752
13666504096
13711361440
13756218784
13801076128
13845933472
13890790816
13935648160
13980505504
14025362848
14070220192
14115077536
14159934880
14204792224
14249649568
14294506912
14339364256
14384221600
14429078944
14473936288
14518793632
14563650976
14608508320
14653365664
14698223008
14743080352
14787937696
14832795040
14877652384
14922509728
14967367072
15012224416
15057081760
15101939104
15146796448
15191653792
15236511136
15281368480
15326225824
15371083168
15415940512
15460797856
15505655200
15550512544
15595369888
15640227232
15685084576
15729941920
15774799264
15819656608
15864513952
15909371296
15954228640
15999085984
16043943328
16088800672
16133658016
16178515360
16223372704
16268230048
16313087392
16357944736
16402802080
16447659424
16492516768
16537374112
16582231456
16627088800
16671946144
16716803488
16761660832
16806518176
16851375520
16896232864
16941090208
16985947552
17030804896
17075662240
17120519584
17165376928
17210234272
17255091616
17299948960
17344806304
17389663648
17434520992
17479378336
17524235680
17569093024
17613950368
17658807712
17703665056
17748522400
17793379744
17838237088
17883094432
17927951776
17972809120
18017666464
18062523808
18107381152
18152238496
18197095840
18241953184
18286810528
18331667872
18376525216
18421382560
18466239904
18511097248
18555954592
18600811936
18645669280
18690526624
18735383968
18780241312
18825098656
18869956000
18914813344
18959670688
19004528032
19049385376
19094242720
19139100064
19183957408
19228814752
19273672096
19318529440
19363386784
19408244128
19453101472
19497958816
19542816160
19587673504
19632530848
19677388192
19722245536
19767102880
19811960224
19856817568
19901674912
19946532256
19991389600
20036246944
20081104288
Time taken by CPU: 0.000400 seconds
