41541684.00
103916696.00
166291520.00
228666800.00
291041600.00
353416704.00
415792192.00
478166592.00
540541440.00
602916608.00
665292544.00
727666368.00
790041664.00
852416320.00
914792640.00
977166272.00
1039541952.00
1101916160.00
1164292608.00
1226666240.00
1289042176.00
1351415936.00
1413792384.00
1476165504.00
1538542336.00
1600915584.00
1663292416.00
1725665920.00
1788043264.00
1850416384.00
1912792320.00
1975166208.00
2037542272.00
2099916416.00
2162291968.00
2224666368.00
2287043328.00
2349416192.00
2411791872.00
2474164736.00
2536541952.00
2598915584.00
2661292032.00
2723666688.00
2786043392.00
2848416000.00
2910791424.00
2973166080.00
3035542784.00
3097915136.00
3160291584.00
3222664960.00
3285043712.00
3347416064.00
3409791232.00
3472166912.00
3534542848.00
3596914688.00
3659291904.00
3721666048.00
3784043776.00
3846416640.00
3908791552.00
3971165184.00
4033542912.00
4095915520.00
4158290944.00
4220666112.00
4283044096.00
4345416192.00
4407791104.00
4470164992.00
4532543488.00
4594916864.00
4657291264.00
4719665664.00
4782044672.00
4844414976.00
4906790400.00
4969162752.00
5031541248.00
5093918208.00
5156289024.00
5218666496.00
5281043968.00
5343415808.00
5405791744.00
5468167680.00
5530542592.00
5592915456.00
5655291392.00
5717666816.00
5780044288.00
5842416128.00
5904790528.00
5967165440.00
6029545472.00
6091915264.00
6154290688.00
6216665088.00
6279043584.00
6341416960.00
6403790336.00
6466167296.00
6528543744.00
6590917120.00
6653290496.00
6715665920.00
6778042880.00
6840417280.00
6902789120.00
6965167104.00
7027541504.00
7089913344.00
7152289792.00
7214662656.00
7277043200.00
7339419136.00
7401789952.00
7464164864.00
7526546432.00
7588919296.00
7651291648.00
7713665024.00
7776044032.00
7838413824.00
7900792832.00
7963163648.00
8025544704.00
8087915008.00
8150290432.00
8212664320.00
8275043328.00
8337415680.00
8399791616.00
8462164480.00
8524543488.00
8586914304.00
8649290752.00
8711665664.00
8774042624.00
8836415488.00
8898789376.00
8961164288.00
9023545344.00
9085918208.00
9148289024.00
9210667008.00
9273043968.00
9335413760.00
9397789696.00
9460167680.00
9522545664.00
9584914432.00
9647291392.00
9709669376.00
9772044288.00
9834415104.00
9896792064.00
9959165952.00
10021539840.00
10083913728.00
10146290688.00
10208661504.00
10271042560.00
10333413376.00
10395784192.00
10458171392.00
10520546304.00
10582917120.00
10645289984.00
10707665920.00
10770042880.00
10832415744.00
10894791680.00
10957165568.00
11019544576.00
11081915392.00
11144291328.00
11206666240.00
11269044224.00
11331419136.00
11393788928.00
11456163840.00
11518550016.00
11580921856.00
11643293696.00
11705664512.00
11768042496.00
11830412288.00
11892791296.00
11955166208.00
12017542144.00
12079916032.00
12142292992.00
12204666880.00
12267043840.00
12329418752.00
12391791616.00
12454170624.00
12516543488.00
12578922496.00
12641292288.00
12703661056.00
12766041088.00
12828426240.00
12890791936.00
12953175040.00
13015549952.00
13077907456.00
13140292608.00
13202667520.00
13265045504.00
13327415296.00
13389792256.00
13452167168.00
13514543104.00
13576915968.00
13639290880.00
13701667840.00
13764041728.00
13826415616.00
13888792576.00
13951165440.00
14013543424.00
14075913216.00
14138293248.00
14200664064.00
14263041024.00
14325421056.00
14387789824.00
14450165760.00
14512547840.00
14574919680.00
14637289472.00
14699663360.00
14762042368.00
14824415232.00
14886799360.00
14949163008.00
15011540992.00
15073920000.00
15136285696.00
15198667776.00
15261039616.00
15323414528.00
15385796608.00
15448164352.00
15510547456.00
15572917248.00
15635295232.00
15697668096.00
15760039936.00
15822415872.00
15884790784.00
15947167744.00
16009543680.00
16071915520.00
16134294528.00
16196664320.00
16259042304.00
16321412096.00
16383795200.00
16446174208.00
16508549120.00
16570914816.00
16633288704.00
16695669760.00
16758044672.00
16820414464.00
16882785280.00
16945159168.00
17007545344.00
17069914112.00
17132294144.00
17194657792.00
17257041920.00
17319421952.00
17381793792.00
17444161536.00
17506543616.00
17568915456.00
17631291392.00
17693663232.00
17756039168.00
17818417152.00
17880791040.00
17943156736.00
18005551104.00
18067916800.00
18130288640.00
18192660480.00
18255042560.00
18317420544.00
18379788288.00
18442168320.00
18504546304.00
18566916096.00
18629296128.00
18691665920.00
18754043904.00
18816419840.00
18878793728.00
18941167616.00
19003545600.00
19065915392.00
19128285184.00
19190663168.00
19253047296.00
19315417088.00
19377793024.00
19440164864.00
19502546944.00
19564912640.00
19627294720.00
19689670656.00
19752042496.00
19814414336.00
19876792320.00
19939164160.00
20001544192.00
20063918080.00
20126294016.00
20188659712.00
20251047936.00
20313419776.00
20375799808.00
20438163456.00
20500547584.00
20562921472.00
20625295360.00
20687663104.00
20750043136.00
20812419072.00
20874778624.00
20937164800.00
20999557120.00
21061914624.00
21124294656.00
21186666496.00
21249046528.00
21311420416.00
21373788160.00
21436168192.00
21498550272.00
21560911872.00
21623293952.00
21685667840.00
21748041728.00
21810415616.00
21872789504.00
21935169536.00
21997547520.00
22059913216.00
22122287104.00
22184663040.00
22247036928.00
22309412864.00
22371790848.00
22434164736.00
22496544768.00
22558914560.00
22621292544.00
22683676672.00
22746038272.00
22808412160.00
22870790144.00
22933161984.00
22995552256.00
23057909760.00
23120291840.00
23182657536.00
23245039616.00
23307409408.00
23369793536.00
23432196096.00
23494545408.00
23556921344.00
23619289088.00
23681695744.00
23744034816.00
23806408704.00
23868786688.00
23931160576.00
23993546752.00
24055916544.00
24118286336.00
24180666368.00
24243042304.00
24305416192.00
24367792128.00
24430174208.00
24492546048.00
24554913792.00
24617293824.00
24679661568.00
24742037504.00
24804421632.00
24866785280.00
24929169408.00
24991543296.00
25053911040.00
25116301312.00
25178664960.00
25241038848.00
25303414784.00
25365786624.00
25428162560.00
25490544640.00
25552918528.00
25615290368.00
25677668352.00
25740025856.00
25802412032.00
25864794112.00
25927161856.00
25989531648.00
26051915776.00
26114291712.00
26176665600.00
26239016960.00
26301411328.00
26363793408.00
26426163200.00
26488551424.00
26550915072.00
26613295104.00
26675664896.00
26738042880.00
26800422912.00
26862788608.00
26925164544.00
26987548672.00
27049926656.00
27112292352.00
27174674432.00
27237042176.00
27299411968.00
27361798144.00
27424176128.00
27486541824.00
27548917760.00
27611289600.00
27673673728.00
27736039424.00
27798405120.00
27860791296.00
27923169280.00
27985553408.00
28047921152.00
28110292992.00
28172670976.00
28235038720.00
28297404416.00
28359786496.00
28422160384.00
28484544512.00
28546899968.00
28609288192.00
28671670272.00
28734044160.00
28796416000.00
28858787840.00
28921157632.00
28983552000.00
29045934080.00
29108293632.00
29170661376.00
29233043456.00
29295411200.00
29357791232.00
29420163072.00
29482549248.00
29544923136.00
29607282688.00
29669668864.00
29732040704.00
29794410496.00
29856784384.00
29919158272.00
29981538304.00
30043912192.00
30106286080.00
30168666112.00
30231040000.00
30293413888.00
30355783680.00
30418176000.00
30480551936.00
30542911488.00
30605299712.00
30667673600.00
30730041344.00
30792413184.00
30854776832.00
30917163008.00
30979555328.00
31041910784.00
31104323584.00
31166664704.00
Time taken by GPU: 0.000012 seconds
