328350.00
823350.00
1318350.00
1813350.00
2308350.00
2803350.00
3298350.00
3793350.00
4288350.00
4783350.00
5278350.00
5773350.00
6268350.00
6763350.00
7258350.00
7753350.00
8248350.00
8743350.00
9238350.00
9733350.00
10228350.00
10723350.00
11218350.00
11713350.00
12208350.00
12703350.00
13198350.00
13693350.00
14188350.00
14683350.00
15178350.00
15673350.00
16168350.00
16663350.00
17158350.00
17653350.00
18148350.00
18643350.00
19138350.00
19633350.00
20128350.00
20623350.00
21118350.00
21613350.00
22108350.00
22603350.00
23098350.00
23593350.00
24088350.00
24583350.00
25078350.00
25573350.00
26068350.00
26563350.00
27058350.00
27553350.00
28048350.00
28543350.00
29038350.00
29533350.00
30028350.00
30523350.00
31018350.00
31513350.00
32008350.00
32503350.00
32998348.00
33493348.00
33988348.00
34483348.00
34978348.00
35473348.00
35968348.00
36463348.00
36958348.00
37453348.00
37948348.00
38443348.00
38938348.00
39433348.00
39928348.00
40423348.00
40918348.00
41413348.00
41908348.00
42403348.00
42898348.00
43393348.00
43888348.00
44383348.00
44878348.00
45373348.00
45868348.00
46363348.00
46858348.00
47353348.00
47848348.00
48343348.00
48838348.00
49333348.00
